1, 0 56 158;
2, 0 147 159;
3, 0 212 160;
4, 0 286 158;
5, 0 371 159;
6, 0 34 347;
7, 0 257 348;
8, 0 35 519;
9, 0 308 519;
10, 1 37 62;
11, 1 127 64;
12, 1 202 63;
13, 1 347 61;
14, 1 36 299;
15, 1 295 295;
16, 1 37 539;
17, 1 283 539;
213, 34 36 63;
214, 34 228 61;
215, 34 364 60;
216, 34 37 421;
217, 34 173 422;
218, 34 348 421;
219, 35 34 127;
220, 35 280 126;
221, 35 31 399;
222, 35 282 402;
223, 35 34 550;
224, 35 328 549;
225, 36 39 184;
226, 36 304 183;
227, 36 39 389;
228, 36 296 391;
229, 36 38 617;
230, 36 241 620;
231, 36 365 621;
232, 37 35 203;
233, 37 230 205;
234, 37 34 564;
235, 37 384 565;
236, 38 39 149;
237, 38 171 148;
238, 38 379 150;
239, 38 38 512;
240, 38 223 511;
241, 38 391 512;
242, 39 36 147;
243, 39 300 146;
244, 39 38 423;
245, 39 291 422;
246, 39 37 660;
247, 39 273 661;
248, 40 39 164;
249, 40 287 163;
250, 40 38 418;
251, 40 243 419;
252, 40 40 625;
253, 40 249 625;
254, 40 385 622;
255, 41 34 177;
256, 41 264 176;
257, 41 35 588;
258, 41 302 588;
259, 42 39 61;
260, 42 302 60;
261, 42 39 283;
262, 42 215 283;
263, 42 382 283;
264, 42 36 509;
265, 42 157 635;
266, 42 285 636;
267, 42 401 634;
268, 43 34 242;
269, 43 283 242;
270, 43 35 616;
271, 43 291 614;
272, 44 36 263;
273, 44 253 261;
274, 44 35 530;
275, 44 259 531;
276, 45 36 150;
277, 45 241 152;
278, 45 33 537;
279, 45 287 536;
280, 46 38 150;
281, 46 200 149;
282, 46 391 149;
283, 46 39 500;
284, 46 255 498;
285, 47 22 51;
286, 47 20 307;
287, 47 17 541;
288, 48 35 68;
289, 48 34 307;
290, 48 32 543;
291, 49 19 75;
292, 49 294 75;
293, 49 18 311;
294, 49 286 311;
295, 49 19 543;
296, 49 289 542;
297, 50 35 73;
298, 50 135 75;
299, 50 244 76;
300, 50 323 75;
301, 50 425 76;
302, 50 33 275;
303, 50 213 277;
304, 50 358 277;
305, 50 30 577;
306, 50 357 578;
307, 51 23 136;
308, 51 176 139;
309, 51 314 141;
310, 51 17 525;
311, 51 286 526;
312, 52 31 186;
313, 52 279 186;
314, 52 424 186;
315, 52 32 587;
316, 52 96 591;
317, 52 233 592;
318, 52 349 589;
319, 52 437 589;
320, 53 37 85;
321, 53 186 87;
322, 53 288 88;
323, 53 416 87;
324, 53 34 291;
325, 53 175 296;
326, 53 306 296;
327, 53 432 295;
328, 53 32 497;
329, 53 185 497;
330, 53 304 499;
331, 53 427 499;
332, 54 42 55;
333, 54 206 56;
334, 54 310 57;
335, 54 38 315;
336, 54 226 318;
337, 54 367 317;
338, 54 35 552;
339, 54 181 555;
340, 54 323 555;
341, 54 425 554;
342, 55 36 50;
343, 55 187 52;
344, 55 370 51;
345, 55 36 293;
346, 55 299 293;
347, 55 421 289;
348, 55 35 538;
349, 55 205 542;
350, 55 363 541;
